1.4800e-01
1.8400e-01
2.1200e-01
2.1200e-01
2.0000e-01
1.5600e-01
1.7600e-01
1.8000e-01
1.7600e-01
1.6000e-01
1.5600e-01
1.6335e-01
1.8327e-01
1.7530e-01
1.5538e-01
1.5936e-01
1.8327e-01
1.8725e-01
1.7131e-01
1.5936e-01
1.6400e-01
1.5600e-01
1.4000e-01
1.4000e-01
1.3600e-01
1.5686e-01
1.4741e-01
1.4741e-01
2.0000e-01
2.5200e-01
2.0800e-01
1.9200e-01
1.8800e-01
1.8000e-01
1.8000e-01
1.9600e-01
1.9522e-01
1.6000e-01
1.5600e-01
1.6400e-01
1.8000e-01
1.5936e-01
1.6000e-01
1.6000e-01
1.6000e-01
1.8000e-01
1.6800e-01
1.6000e-01
1.6733e-01
1.5200e-01
1.5139e-01
1.5936e-01
1.5538e-01
1.4902e-01
1.3147e-01
1.3147e-01
2.9880e-01
3.4800e-01
3.0800e-01
2.2800e-01
2.2800e-01
2.1600e-01
1.7928e-01
1.6800e-01
1.6335e-01
1.5200e-01
1.5200e-01
1.5538e-01
1.4800e-01
1.4800e-01
1.6000e-01
1.6800e-01
1.6000e-01
1.6400e-01
1.4400e-01
1.3944e-01
1.4286e-01
1.3944e-01
1.4400e-01
1.5600e-01
1.4800e-01
1.5294e-01
1.3147e-01
1.4343e-01
3.2800e-01
3.2271e-01
2.8000e-01
2.8400e-01
2.8000e-01
2.3506e-01
2.1200e-01
1.8000e-01
1.5936e-01
1.4741e-01
1.3944e-01
1.3200e-01
1.3200e-01
1.1647e-01
1.4800e-01
1.6400e-01
1.4400e-01
1.4000e-01
1.2800e-01
1.2800e-01
1.3147e-01
1.3546e-01
1.5538e-01
1.5139e-01
1.2351e-01
1.3333e-01
1.3546e-01
1.5538e-01
2.6800e-01
2.7092e-01
3.0400e-01
3.2400e-01
3.2000e-01
2.9482e-01
2.9600e-01
2.4400e-01
1.7600e-01
1.4800e-01
1.3546e-01
1.3944e-01
1.9920e-01
3.7849e-01
2.7888e-01
1.5936e-01
1.5936e-01
1.4800e-01
1.2851e-01
1.2400e-01
1.3200e-01
1.2800e-01
1.1952e-01
1.2351e-01
1.3944e-01
1.6471e-01
1.5936e-01
1.5139e-01
2.1116e-01
2.1600e-01
2.4303e-01
2.7200e-01
2.9200e-01
2.8400e-01
2.4000e-01
2.2400e-01
1.9920e-01
1.5936e-01
1.3944e-01
1.5139e-01
3.9442e-01
7.6096e-01
7.0120e-01
2.9880e-01
1.5538e-01
1.3546e-01
1.1952e-01
1.1200e-01
1.2800e-01
1.2800e-01
1.2749e-01
1.4343e-01
1.4800e-01
1.7255e-01
1.4800e-01
1.4741e-01
2.1116e-01
2.1200e-01
2.0400e-01
2.0000e-01
2.0800e-01
2.0400e-01
1.7200e-01
1.6733e-01
1.5139e-01
1.6733e-01
2.3506e-01
4.2400e-01
5.5600e-01
7.7108e-01
6.7729e-01
5.5777e-01
5.0598e-01
4.1434e-01
2.8685e-01
2.0319e-01
1.4343e-01
1.3600e-01
1.3200e-01
1.3147e-01
1.2800e-01
1.4902e-01
1.4343e-01
1.4800e-01
1.9124e-01
1.8400e-01
1.8725e-01
1.8000e-01
1.8000e-01
1.8327e-01
1.7131e-01
1.5936e-01
2.1912e-01
3.5200e-01
5.2610e-01
5.7028e-01
5.1807e-01
4.4800e-01
3.7052e-01
3.6400e-01
4.0000e-01
5.2191e-01
5.0400e-01
4.8606e-01
2.5498e-01
1.3944e-01
1.4400e-01
1.3200e-01
1.3944e-01
1.5294e-01
1.6335e-01
1.8327e-01
1.9124e-01
1.8327e-01
1.8327e-01
1.8000e-01
1.8000e-01
1.8400e-01
1.6335e-01
2.4701e-01
4.0000e-01
5.0201e-01
4.6185e-01
3.7751e-01
5.7028e-01
5.9363e-01
3.3466e-01
3.1200e-01
2.9317e-01
3.1746e-01
3.5458e-01
4.6800e-01
5.3386e-01
2.9084e-01
1.3600e-01
1.3600e-01
1.4000e-01
1.5079e-01
1.5200e-01
1.8327e-01
2.1912e-01
2.0400e-01
2.0717e-01
2.0000e-01
1.9200e-01
1.8725e-01
2.3904e-01
3.9200e-01
4.5200e-01
3.9200e-01
3.4400e-01
6.1847e-01
8.9243e-01
9.4024e-01
5.8233e-01
3.8000e-01
3.4137e-01
3.1076e-01
3.1076e-01
3.1200e-01
4.4800e-01
5.2590e-01
2.7888e-01
1.5200e-01
1.5200e-01
1.5936e-01
1.8254e-01
2.1514e-01
2.4701e-01
2.3904e-01
2.3200e-01
2.3200e-01
2.1200e-01
2.0717e-01
3.4661e-01
5.0800e-01
3.9600e-01
3.3068e-01
5.4000e-01
8.4400e-01
9.8008e-01
9.9600e-01
9.5181e-01
6.6532e-01
3.4661e-01
3.1873e-01
3.1474e-01
2.9600e-01
3.0800e-01
4.5600e-01
5.4183e-01
3.0000e-01
2.4400e-01
2.4303e-01
2.4303e-01
2.1514e-01
2.2400e-01
2.4701e-01
2.5200e-01
2.3200e-01
2.1200e-01
2.2709e-01
5.1200e-01
4.8000e-01
3.1727e-01
3.2400e-01
6.6000e-01
9.6813e-01
9.9602e-01
9.7200e-01
8.1452e-01
6.8400e-01
3.8153e-01
3.0400e-01
3.0279e-01
2.9880e-01
3.0400e-01
3.6400e-01
5.1793e-01
3.6255e-01
2.5703e-01
2.5200e-01
2.3904e-01
2.2311e-01
2.2311e-01
2.3904e-01
2.4000e-01
2.0884e-01
2.1912e-01
3.0677e-01
4.6000e-01
3.3600e-01
3.0522e-01
3.9200e-01
5.6800e-01
5.4980e-01
8.0080e-01
9.4800e-01
6.2400e-01
5.0000e-01
3.6000e-01
3.0800e-01
2.9880e-01
2.9880e-01
2.9600e-01
3.3200e-01
4.8207e-01
4.5817e-01
2.5600e-01
2.4000e-01
2.3108e-01
2.5498e-01
2.2400e-01
2.2311e-01
2.1200e-01
1.9200e-01
2.0717e-01
3.8247e-01
4.3426e-01
3.1727e-01
3.0924e-01
3.1325e-01
3.0279e-01
3.2400e-01
7.7600e-01
9.6000e-01
4.2800e-01
3.7200e-01
3.4538e-01
4.4800e-01
4.9600e-01
3.8645e-01
3.0522e-01
2.8800e-01
3.8000e-01
5.4980e-01
3.6800e-01
3.4400e-01
2.7200e-01
2.2000e-01
2.3506e-01
2.2311e-01
2.0800e-01
1.8800e-01
2.2311e-01
4.5020e-01
4.0637e-01
3.1325e-01
3.1325e-01
3.2271e-01
3.2271e-01
3.5458e-01
7.6096e-01
9.6813e-01
4.5238e-01
3.6255e-01
3.7849e-01
5.5378e-01
8.2072e-01
7.3705e-01
4.2629e-01
3.2129e-01
3.5600e-01
5.3386e-01
3.7302e-01
3.2400e-01
3.3200e-01
2.7200e-01
2.5600e-01
2.5200e-01
2.2000e-01
1.9600e-01
2.3904e-01
4.5817e-01
4.0000e-01
3.2129e-01
3.2000e-01
3.3068e-01
3.2800e-01
3.4263e-01
7.4900e-01
9.7200e-01
5.2988e-01
4.6032e-01
5.3571e-01
6.0317e-01
8.1746e-01
9.8810e-01
7.6096e-01
4.4980e-01
3.4000e-01
5.2988e-01
3.0000e-01
2.4096e-01
3.0800e-01
3.7698e-01
2.7600e-01
2.6000e-01
2.1600e-01
2.1200e-01
2.5600e-01
4.5418e-01
4.0400e-01
3.1600e-01
3.1873e-01
3.0400e-01
3.1474e-01
3.2661e-01
7.3494e-01
9.9602e-01
8.3200e-01
9.6400e-01
9.8805e-01
9.7200e-01
9.6787e-01
1.0000e+00
9.4422e-01
5.8400e-01
3.9200e-01
5.6574e-01
3.2400e-01
2.3695e-01
3.1474e-01
4.0800e-01
2.7200e-01
2.5896e-01
2.3506e-01
2.3506e-01
2.5100e-01
3.9841e-01
4.4622e-01
3.3865e-01
3.4661e-01
3.2800e-01
3.0800e-01
3.2129e-01
7.1084e-01
1.0000e+00
9.9200e-01
7.6400e-01
7.0916e-01
6.0643e-01
8.3133e-01
9.5618e-01
6.8000e-01
4.1434e-01
4.2231e-01
5.3386e-01
3.3600e-01
3.0800e-01
3.1076e-01
3.3600e-01
2.4800e-01
2.4000e-01
2.5200e-01
2.3200e-01
2.4303e-01
3.3068e-01
4.7012e-01
3.9442e-01
3.9759e-01
3.4000e-01
3.0522e-01
3.1727e-01
6.9478e-01
9.9598e-01
6.8273e-01
3.9357e-01
3.3600e-01
5.5378e-01
8.4064e-01
6.9076e-01
4.2972e-01
3.3865e-01
5.4183e-01
5.3386e-01
3.2800e-01
3.6653e-01
3.2800e-01
2.9084e-01
2.2800e-01
2.3200e-01
2.4800e-01
2.3108e-01
2.2000e-01
2.5200e-01
4.8207e-01
5.0199e-01
4.1600e-01
3.2932e-01
3.0522e-01
3.1048e-01
6.6397e-01
9.7600e-01
5.7430e-01
4.0161e-01
3.6653e-01
4.4048e-01
4.9603e-01
3.8800e-01
3.2530e-01
4.4223e-01
5.4582e-01
3.6546e-01
3.1200e-01
4.2231e-01
4.4000e-01
4.1036e-01
2.3600e-01
2.5600e-01
2.6295e-01
2.4400e-01
2.4400e-01
2.3904e-01
3.3466e-01
5.0598e-01
4.9801e-01
3.4000e-01
3.0522e-01
3.1048e-01
6.5060e-01
9.6429e-01
5.6863e-01
3.8153e-01
3.8492e-01
3.3730e-01
3.0952e-01
3.2143e-01
3.7052e-01
5.2191e-01
4.9801e-01
3.5341e-01
3.4000e-01
4.1036e-01
4.8207e-01
4.8606e-01
2.6000e-01
2.8800e-01
2.6000e-01
2.5600e-01
2.4800e-01
2.1912e-01
2.2400e-01
3.6800e-01
5.2590e-01
4.3426e-01
3.2400e-01
3.2129e-01
5.7028e-01
9.2369e-01
6.1446e-01
3.9357e-01
3.2129e-01
3.0120e-01
3.0400e-01
3.6653e-01
4.8606e-01
5.3386e-01
3.7849e-01
3.4661e-01
3.3865e-01
3.5178e-01
3.9442e-01
4.5817e-01
2.9482e-01
3.3200e-01
2.8287e-01
2.4400e-01
2.3904e-01
2.0319e-01
1.8800e-01
2.5896e-01
3.7052e-01
5.0598e-01
4.9004e-01
3.7849e-01
4.3028e-01
5.2988e-01
3.6400e-01
3.5200e-01
3.2800e-01
3.8247e-01
4.6215e-01
5.0199e-01
5.1394e-01
3.6145e-01
3.0800e-01
3.6255e-01
3.5458e-01
3.6220e-01
3.6653e-01
3.8247e-01
3.3068e-01
3.5600e-01
2.9600e-01
2.2311e-01
2.4800e-01
2.3506e-01
2.1600e-01
2.2400e-01
2.5200e-01
3.0800e-01
4.5418e-01
4.9402e-01
4.8606e-01
4.4223e-01
3.9841e-01
4.1434e-01
4.9004e-01
5.5777e-01
5.3175e-01
4.4444e-01
3.7052e-01
3.6653e-01
3.9841e-01
3.7849e-01
3.8247e-01
4.2353e-01
4.0637e-01
4.1434e-01
3.2669e-01
3.1600e-01
2.9200e-01
2.3506e-01
2.5498e-01
2.4000e-01
2.2400e-01
2.4603e-01
2.6000e-01
2.4800e-01
2.5703e-01
3.3600e-01
3.9600e-01
4.3028e-01
4.4622e-01
4.3426e-01
3.7849e-01
4.0000e-01
3.7751e-01
3.5600e-01
3.6000e-01
4.1600e-01
4.8207e-01
4.0637e-01
3.9442e-01
4.5098e-01
4.1036e-01
4.3028e-01
4.5020e-01
2.9200e-01
2.6482e-01
2.5896e-01
2.6693e-01
2.2800e-01
2.1514e-01
2.6693e-01
2.7888e-01
3.1474e-01
3.3200e-01
2.8514e-01
2.7711e-01
3.0522e-01
3.8800e-01
3.9600e-01
2.9600e-01
3.1600e-01
3.4800e-01
3.6255e-01
3.8247e-01
3.8247e-01
4.1600e-01
3.9044e-01
3.9841e-01
4.4314e-01
4.1434e-01
4.5817e-01
4.5817e-01
3.5458e-01
3.0800e-01
2.7200e-01
2.7600e-01
2.5100e-01
2.1514e-01
2.7888e-01
2.9084e-01
3.7450e-01
4.5817e-01
3.4400e-01
3.2800e-01
3.4400e-01
3.8000e-01
4.4800e-01
3.3865e-01
2.9084e-01
3.1474e-01
3.3466e-01
3.9841e-01
3.6255e-01
3.3600e-01
3.8645e-01
3.9841e-01
4.1176e-01
4.2000e-01
4.6215e-01
4.4622e-01
4.3426e-01
3.9442e-01
3.7450e-01
4.6614e-01
4.4622e-01
2.3904e-01
2.6693e-01
2.7490e-01
3.5857e-01
4.3825e-01
3.6800e-01
4.2400e-01
5.6800e-01
5.3600e-01
5.0000e-01
3.3600e-01
2.9880e-01
3.1200e-01
2.9084e-01
3.5857e-01
3.8247e-01
3.0279e-01
3.3600e-01
3.7600e-01
3.9216e-01
3.9200e-01
4.0239e-01
